157.68 64.2305
144.977 91.6085
152.419 63.0606
133.651 75.9635
143.07 76.8886
154.747 57.213
153.718 100.378
147.763 73.0693
166.669 84.2045
147.303 62.0063
144.435 70.1927
167.463 77.4361
139.86 82.8966
145.457 82.2181
153.475 74.7027
125.445 123.15
153.055 81.8338
138.881 96.3874
161.88 76.707
137.337 105.933
132.588 99.8632
161.827 70.5223
127.965 107.167
138.076 89.8292
147.603 77.8502
149.001 67.7675
166.792 91.7437
154.436 68.9136
143.435 86.5559
155.264 89.298
141.939 56.5935
125.573 145.066
164.814 116.869
104.562 191.341
142.791 118.906
182.482 130.501
153.74 121.474
95.6333 103.067
108.309 176.908
182.222 106.379
132.096 129.955
154.142 106.766
140.327 126.988
120.737 96.3939
111.361 164.856
198.903 105.061
134.178 121.856
75.1807 124.991
130.752 116.962
97.7943 128.001
128.356 135.678
114.364 123.069
116.863 134.074